[
  {
    "id": "1748",
    "category": "3.2数据结构之指针和链表",
    "title": "1748:约瑟夫问题",
    "description": "约瑟夫问题：有ｎ只猴子，按顺时针方向围成一圈选大王（编号从１到ｎ），从第１号开始报数，一直数到ｍ，数到ｍ的猴子退出圈外，剩下的猴子再接着从1开始报数。就这样，直到圈内只剩下一只猴子时，这个猴子就是猴王，编程求输入ｎ，ｍ后，输出最后猴王的编号。<br><br>",
    "img": "",
    "inputTip": "每行是用空格分开的两个整数，第一个是 n, 第二个是 m  ( 0 < m,n <=300)。最后一行是：0 0",
    "inputStyle": "输入",
    "outputTip": "输出",
    "outputStyle": "对于每行输入数据（最后一行除外)，输出数据也是一行，即最后猴王的编号",
    "inputExample": "<pre>6 2\n12 4\n8 3\n0 0</pre>",
    "outputExample": "<pre>5\n1\n7</pre>",
    "tip": "",
    "timeLimited": "1000ms",
    "spaceLimited": "65536kB"
  },
  {
    "id": "6378",
    "category": "3.2数据结构之指针和链表",
    "title": "6378:删除数组中的元素（链表）",
    "description": "<p>给定N个整数，将这些整数中与M相等的删除\n<br>假定给出的整数序列为：1,3,3,0,-3,5,6,8,3,10,22,-1,3,5,11,20,100,3,9,3\n<br>应该将其放在一个链表中，链表长度为20\n<br>要删除的数是3，删除以后，链表中只剩14个元素：1 0 -3 5 6 8 10 22 -1 5 11 20 100 9</p><p><span style=\";color:red;;\">要求：必须使用链表，不允许使用数组,也不允许不删除元素直接输出\n<br>      程序中必须有链表的相关操作：建立链表，删除元素，输出删除后链表中元素，释放链表\n<br>      不符合要求的程序即使通过，也会算作0分\n</span><br></p>",
    "img": "",
    "inputTip": "输入包含3行：第一行是一个整数n(1 <= n <= 200000)，代表数组中元素的个数。第二行包含n个整数，代表数组中的n个元素。每个整数之间用空格分隔；每个整数的取值在32位有符号整数范围以内。第三行是一个整数k，代表待删除元素的值（k的取值也在32位有符号整数范围内）。",
    "inputStyle": "输入",
    "outputTip": "输出",
    "outputStyle": "输出只有1行：将数组内所有待删除元素删除以后，输出数组内的剩余元素的值，每个整数之间用空格分隔。",
    "inputExample": "<pre>20\n1 3 3 0 -3 5 6 8 3 10 22 -1 3 5 11 20 100 3 9 3\n3</pre>",
    "outputExample": "<pre>1 0 -3 5 6 8 10 22 -1 5 11 20 100 9</pre>",
    "tip": "",
    "timeLimited": "1000ms",
    "spaceLimited": "65536kB"
  },
  {
    "id": "6379",
    "category": "3.2数据结构之指针和链表",
    "title": "6379:统计学生信息（使用动态链表完成）",
    "description": "<p>利用动态链表记录从标准输入输入的学生信息（学号、姓名、性别、年龄、得分、地址）</p><p>其中,学号长度不超过20, 姓名长度不超过40, 性别长度为1, 地址长度不超过40<br></p>",
    "img": "",
    "inputTip": "包括若干行，每一行都是一个学生的信息，如：00630018 zhouyan m 20 10.0 28#460输入的最后以\"end\"结束",
    "inputStyle": "输入",
    "outputTip": "输出",
    "outputStyle": "将输入的内容倒序输出每行一条记录，按照学号 姓名 性别 年龄 得分 地址的格式输出",
    "inputExample": "<pre>00630018 zhouyan m 20 10 28#4600\n0063001 zhouyn f 21 100 28#460000\n0063008 zhoyan f 20 1000 28#460000\n0063018 zhouan m 21 10000 28#4600000\n00613018 zhuyan m 20 100 28#4600\n00160018 zouyan f 21 100 28#4600\n01030018 houyan m 20 10 28#4600\n0630018 zuyan m 21 100 28#4600\n10630018 zouan m 20 10 28#46000\nend</pre>",
    "outputExample": "<pre>10630018 zouan m 20 10 28#46000\n0630018 zuyan m 21 100 28#4600\n01030018 houyan m 20 10 28#4600\n00160018 zouyan f 21 100 28#4600\n00613018 zhuyan m 20 100 28#4600\n0063018 zhouan m 21 10000 28#4600000\n0063008 zhoyan f 20 1000 28#460000\n0063001 zhouyn f 21 100 28#460000\n00630018 zhouyan m 20 10 28#4600</pre>",
    "tip": "",
    "timeLimited": "1000ms",
    "spaceLimited": "65536kB"
  }
]